739.0034 829.7214 830.8049 828.1282 818.7493 830.6021 830.9745 829.7938 831.5041 832.6659 832.5797 829.7993 833.6655 832.9387 832.6429 833.7718 833.316 834.0362 832.4442 832.5085 833.02 831.8349 833.0195 834.8732 832.9927 834.0707 834.0051 833.8798 833.7683 834.7631 756.7525 757.0921 833.9387 839.8885 835.1676 839.5192 839.6091 838.8157 838.3927 837.949 837.4856 740.2277 829.8866 829.9108 0 
739.6499 830.3808 831.4773 828.8135 819.4475 831.3132 831.6982 830.5301 831.9861 833.1451 833.0564 830.2739 834.1384 833.4103 833.1135 834.2417 833.7856 834.5059 832.9141 832.9791 833.4915 832.3076 933.4935 952.5876 833.4705 834.2168 834.1541 834.0326 833.9257 834.926 756.9217 757.3856 834.2295 840.1766 835.4531 839.8022 839.8897 839.4784 839.0453 838.5912 838.1173 740.8488 830.497 830.5106 0 
740.0414 830.766 831.8566 829.1871 819.8158 831.6765 832.0569 830.8845 832.6031 833.7732 833.6953 830.9232 834.7974 834.0784 833.79 834.7433 834.2889 835.0103 833.4194 833.4845 833.9966 832.812 833.9966 953.265 833.9695 835.0469 834.9805 834.8541 834.7415 835.7349 757.7228 758.1783 835.0127 840.9498 836.2156 840.5535 840.6293 840.206 839.4948 839.0449 838.5752 741.311 830.9637 830.9819 0 
740.5905 831.3296 832.4346 829.7797 820.4228 832.2979 832.6925 831.496 833.2224 834.4 834.3292 831.5637 835.4442 834.731 833.9014 835.0297 834.5737 835.2938 833.7019 949.2644 948.6307 948.5267 934.279 936.1335 934.2538 849.8962 948.8694 935.1436 835.0333 836.0292 758.0199 758.4783 835.3159 841.2563 836.5257 840.8672 840.791 840.3771 839.9414 839.485 839.0089 741.7383 831.3848 831.3967 0 
740.8541 831.5801 832.6724 830.0049 820.6356 832.4986 832.8815 831.7115 833.4327 834.6054 834.5301 831.7605 835.6372 834.9205 834.6343 835.7722 835.3246 836.0522 834.4664 834.5359 835.0516 933.8693 935.0554 936.9094 935.028 936.1037 836.0345 935.8157 835.6998 836.6896 758.6736 759.1246 835.9545 841.8867 837.1476 841.4803 841.5511 841.1226 840.6719 840.2003 839.3049 742.0389 831.6898 831.7064 0 
741.4244 832.1677 833.2772 830.627 821.2748 833.1549 833.5546 832.4013 834.1387 835.3273 835.2673 832.5124 836.4031 835.6995 835.4255 836.5744 836.1367 836.8728 935.2944 835.3696 949.6141 949.4617 935.1154 936.9689 951.1189 950.8837 949.4366 935.9704 835.8567 836.849 758.8358 759.2899 836.123 842.0588 837.3235 841.6602 841.7351 841.3109 840.8647 840.3976 839.9106 742.6292 832.2647 832.2657 0 
742.0228 832.7852 833.9138 831.2828 821.9498 833.849 833.72 832.5564 834.2839 835.463 835.3938 832.6302 836.5126 835.8014 835.5201 836.6625 836.2189 836.9499 835.3669 835.4385 846.7046 934.7738 935.9596 937.8127 935.9294 951.0036 949.8919 947.4349 836.6746 837.6574 759.6335 760.0759 836.8962 842.8184 838.0686 842.3902 842.4494 842.009 841.4838 841.0049 840.5062 743.213 832.8368 832.4386 0 
742.252 833.0034 834.1212 831.4794 822.136 834.0248 834.4334 833.2889 835.0353 836.2327 836.1812 833.4346 837.3333 836.6373 836.3702 837.5255 837.0935 837.8345 948.9741 836.3384 936.8603 935.6818 936.869 938.7215 936.8358 937.9047 837.8262 837.6846 836.7344 837.7213 759.702 760.1496 836.9758 842.9044 838.1615 842.4904 842.5574 842.1252 841.671 841.1959 840.701 743.4117 833.0396 833.0331 0 
742.8731 833.6459 834.7852 832.1651 822.8434 834.7538 835.184 834.0609 835.8282 837.0461 837.0147 834.2874 838.2045 837.5259 837.275 839.3134 842.4451 846.205 948.0674 836.3992 948.813 935.7379 936.9238 938.7758 936.8904 949.8135 950.5865 948.7279 837.6166 838.5926 760.561 760.995 837.8065 843.7193 838.9598 843.2714 843.3204 842.8698 842.3967 841.9025 841.3882 744.0794 833.6876 833.6616 0 
743.5139 834.3099 834.975 832.3452 823.0139 834.9149 835.3358 834.2037 835.9622 837.1717 837.1321 834.397 838.3066 837.6211 837.3637 838.5279 841.85 846.84 848.5798 845.9453 949.7495 936.7139 937.9014 939.7527 937.8644 938.9294 848.0682 838.6974 951.5428 845.0292 761.4762 761.8947 838.6894 844.5844 839.6982 843.3625 843.4188 842.9756 842.5104 842.0244 841.5185 744.2183 833.8354 833.8184 0 
743.7249 834.5112 835.6646 833.0587 823.7515 835.6768 836.1218 835.0137 836.7959 838.0286 838.0117 835.2986 839.2292 838.5636 837.1933 842.0583 843.386 846.4372 947.4099 838.3932 938.925 936.7651 937.9513 939.8022 937.9142 938.9802 950.9699 948.887 938.6165 839.5836 761.5421 761.9653 838.7654 844.6662 839.8942 844.1929 844.2288 843.7648 843.2784 842.7709 842.2433 744.9214 834.5167 834.4778 0 
744.3808 835.1926 836.3716 833.7919 824.511 836.4627 836.9343 835.1474 836.9214 838.1463 838.1218 835.4013 839.325 838.6528 838.408 841.4948 843.4147 946.9987 848.7271 847.1786 938.9832 937.8088 938.9968 940.8468 938.9555 940.0155 839.9253 849.77 947.0613 845.8409 764.9779 762.9206 839.7015 845.5819 840.7886 845.0652 845.0784 844.5912 843.9866 842.8846 842.3648 745.0509 834.6544 834.624 0 
744.5792 835.3821 836.5524 833.9639 824.6745 836.6177 837.081 835.9912 837.7918 839.0428 839.0439 836.3483 840.296 839.6466 842.5238 843.5696 844.7404 946.9551 947.7031 847.3632 840.083 938.9136 940.1036 941.9526 940.0573 940.0634 951.4942 949.7176 948.8698 845.7894 762.5773 762.9874 839.7733 845.6592 840.8718 845.1547 845.1744 844.6942 844.1914 843.6675 843.1237 745.7857 835.3652 835.3109 0 
745.2444 836.0748 837.273 834.713 825.4523 837.4247 837.9174 836.8569 838.6869 839.967 839.1492 836.4468 840.3879 839.7322 843.8222 843.2764 845.2832 947.0557 848.4232 839.6043 940.1388 938.9676 940.1564 942.005 940.1099 941.164 941.0658 950.2202 948.2244 847.6861 768.2451 765.6727 840.7592 846.6219 841.8104 846.0683 846.0626 845.5563 845.0274 844.4771 843.8186 745.9086 835.4957 835.4492 0 
745.4335 836.2557 837.4459 834.8777 825.6091 837.5736 838.0584 836.9904 838.8129 840.0858 840.1085 837.4343 841.4026 840.7731 843.449 841.8978 841.4007 842.187 948.3842 840.7591 941.3028 940.1373 941.3285 943.1758 941.276 942.322 941.1137 949.5204 849.0233 845.8312 766.7667 764.0598 840.8286 846.6965 841.8906 846.1544 846.1549 845.6553 845.1331 844.5897 844.0267 746.6699 836.2307 836.1582 0 
746.0999 836.9515 838.1718 835.6345 826.3971 838.3934 838.9104 837.8749 839.73 841.0355 841.0906 837.5303 841.4924 840.8569 845.42 841.8541 841.4691 946.5361 840.7111 840.8165 941.3578 940.1905 941.3805 943.2274 941.3278 942.3747 842.2666 950.6379 947.8768 849.0696 769.7875 769.2565 841.8597 847.7013 842.8679 847.1036 847.0755 846.5469 845.9956 845.4233 844.8314 747.3602 836.3561 836.291 0 
746.2822 837.1263 838.3389 835.7941 826.5493 838.5382 839.048 838.0053 839.8535 841.152 841.2004 838.5515 842.5446 841.939 845.1369 842.9909 842.6299 843.4333 841.9114 942.0316 942.5837 941.4233 942.616 944.4613 942.556 943.5932 942.3142 949.8121 948.3657 847.5565 768.3072 767.5437 841.9279 847.7745 842.9465 847.1879 847.1658 846.6433 846.0984 845.5327 844.9475 747.5688 837.1084 837.015 0 
746.9396 837.8149 839.0596 836.5477 827.3367 839.36 839.9049 838.8979 840.7821 842.117 841.302 838.6469 842.634 842.0226 841.8352 843.0641 842.6986 949.7503 841.9724 842.0895 942.6392 941.477 942.6685 944.5134 942.6082 943.6462 943.5261 950.4946 948.4482 848.7018 770.8093 770.8419 842.9979 848.8143 843.9553 848.165 848.1108 847.5562 846.9792 846.3815 845.6708 747.684 837.2303 837.1438 0 
747.117 837.9852 839.2229 836.7039 827.486 839.5024 840.0405 839.0269 840.9045 842.2328 842.3113 839.6922 843.7148 843.1378 842.9832 844.243 843.9058 844.7303 843.2264 843.3611 943.9239 942.7699 943.9646 945.8075 942.6543 943.6931 843.5744 843.383 948.3259 848.3975 769.7119 769.9289 844.5125 848.8875 844.0336 848.2487 848.2001 847.6514 847.0806 846.4891 845.8788 748.4755 837.9909 837.8741 0 
747.7529 838.6538 839.9253 837.4412 828.2592 840.3126 840.8886 839.9138 841.0189 842.3409 842.4132 839.7881 843.805 843.2225 843.0628 844.3177 846.5157 948.2673 843.2891 843.4208 943.9812 942.8254 944.0189 945.8613 943.9494 944.9763 844.8412 844.6293 947.8906 849.5225 771.4988 771.7916 844.1664 849.9531 845.0639 849.2435 849.1591 848.5748 847.1751 846.5897 845.9857 748.5886 838.1105 838.0003 0 
747.9268 838.821 840.0859 837.5954 828.4069 840.4539 841.0236 840.0425 841.9536 843.3162 843.4293 840.845 844.9023 844.3595 844.2381 845.5293 845.2213 846.072 844.5907 944.7438 943.8336 944.1742 944.0672 944.9214 943.9974 945.0251 844.8914 948.808 947.7534 849.2387 770.6273 771.5071 847.5952 850.0272 845.1429 849.3276 849.2487 848.67 848.0695 847.4491 846.8105 749.3798 838.8687 838.7261 0 
748.5262 839.4542 840.7542 838.2999 829.149 840.5876 841.1511 840.1638 842.0688 843.4255 843.5328 840.9429 844.9948 844.4468 844.3204 845.9063 845.2946 846.1414 844.6566 944.8067 945.3806 944.233 945.4292 947.2685 945.3479 946.361 846.2073 845.9725 849.0893 849.4982 771.8916 772.625 845.3542 851.1061 846.1819 849.4058 849.3322 848.759 848.1641 847.5495 846.9169 749.4921 838.987 838.8506 0 
748.6975 839.6194 840.9133 838.453 829.2962 841.3765 841.9808 841.0358 842.9842 844.3853 844.5379 841.994 846.092 845.5896 845.5079 846.8375 846.5655 847.449 844.7164 944.8636 945.4351 944.2857 945.4808 947.3196 944.4601 946.4129 846.2604 946.0276 948.7318 849.1021 771.5035 772.435 848.5595 851.1822 846.2626 850.4122 850.2987 849.686 849.0524 848.3998 847.7301 750.2693 839.7291 839.5588 0 
749.243 840.1989 841.0649 838.5988 829.4362 841.5106 842.1092 841.1584 843.1013 844.4969 844.6442 842.095 846.1879 845.6807 845.5944 846.9196 846.6434 847.5231 846.0671 951.0724 946.832 945.695 946.8947 948.7301 946.7985 947.7938 847.6163 847.3526 847.0795 847.8929 769.6846 768.8278 845.4921 851.2527 846.3378 850.4922 850.3837 849.7761 849.1479 848.4998 847.8367 750.3815 839.847 839.6825 0 
749.4124 840.3626 841.6864 839.2577 830.1342 842.2496 842.8909 841.9847 843.974 845.4177 845.6146 843.1165 847.2614 846.8067 845.6746 846.9954 846.7151 947.5912 846.1318 946.3026 946.8915 945.7527 946.9511 948.786 946.8544 947.8503 847.674 847.412 847.1412 847.9573 769.7521 773.198 849.653 852.3362 847.376 851.4857 851.3331 850.6826 850.0124 849.3247 848.6213 751.1281 840.5571 839.8002 0 
749.5746 840.5193 841.8377 839.4036 830.2747 842.3848 843.0209 842.1096 844.0938 845.5325 845.7246 843.2218 847.3621 846.903 846.8646 848.2368 848.0057 948.927 847.5079 947.712 948.3262 947.2035 948.4077 950.2381 948.2919 949.2639 847.7261 847.466 847.1974 848.0162 771.6625 772.0323 849.5553 852.4098 847.4539 851.5681 851.4202 850.7745 850.1094 849.4269 848.7286 751.2407 840.6751 840.4806 0 
750.0515 841.0298 842.3834 839.9865 830.8966 843.0479 843.7273 842.8617 844.894 845.6412 845.8284 843.3209 847.4567 846.9931 846.9506 848.3187 848.0839 949.0017 847.5795 847.7809 948.3928 947.2682 948.4712 950.3008 948.3545 949.3269 849.1195 848.8204 848.5076 849.2786 771.0262 771.2279 847.7991 853.4669 848.4604 852.5251 852.3295 850.8614 850.2012 849.5237 848.8306 751.348 840.7875 840.5984 0 
750.2128 841.186 842.5347 840.1328 831.0381 843.1846 843.8593 842.9891 845.017 846.5021 846.743 844.2917 848.4857 848.0821 848.1005 849.5297 849.3543 950.3285 948.9573 849.202 948.4535 847.3271 848.5289 850.3578 848.4113 849.3842 849.1778 848.8802 848.5695 849.3428 771.0933 771.2982 850.1887 853.5444 848.5418 852.6108 852.4194 851.7321 851.0272 850.3066 849.5724 752.0503 841.4521 841.2267 0 
750.5925 841.5972 842.979 840.273 831.1736 843.3153 843.9855 843.1107 845.1341 846.6148 846.8516 844.3961 848.5862 848.1789 848.1937 849.6195 846.326 950.4123 845.5388 949.2807 949.9238 848.8187 850.0281 851.8505 849.884 850.8247 850.5761 950.2286 849.8627 850.5776 772.2682 771.3635 847.9416 853.6169 848.6183 852.6915 852.5045 851.8215 851.1212 850.4054 849.6759 752.1587 841.5654 841.345 0 
750.7527 841.7529 843.1301 840.7589 831.6971 843.8788 844.5916 843.7621 845.8339 847.3663 847.6581 845.2614 849.5137 847.4404 848.2811 849.7034 849.5217 950.49 849.1133 849.3533 949.9943 848.8875 950.0955 951.917 849.95 850.8907 850.6428 850.2963 849.9318 850.6486 772.3415 772.489 849.0076 854.6249 849.5704 853.59 853.3519 852.6204 851.8738 851.1142 850.3431 752.7863 841.6738 841.4583 0 
750.9071 841.9027 843.2755 840.8998 831.8338 844.0114 844.72 843.8867 845.9547 847.4833 847.7717 845.3716 849.6209 847.5181 847.4268 848.84 848.7923 849.1153 848.9403 849.4409 851.4551 850.3776 851.5962 853.4084 850.1625 850.9513 850.7039 850.3585 849.9956 850.7145 772.4097 772.5599 849.0815 854.7021 849.6512 853.6745 853.4402 852.7128 851.9705 851.2151 850.4483 752.896 842.2697 842.0182 0 
751.1694 842.1931 843.5955 841.2514 832.2188 844.4322 845.1792 844.3871 846.07 847.595 847.8799 845.4765 849.7227 847.5958 847.5116 848.9349 848.895 850.1223 849.0376 849.5306 851.5397 850.4609 851.678 853.489 850.2487 850.995 850.5132 849.939 849.4133 850.0671 771.7809 773.5938 850.0496 855.6079 850.4982 853.7545 853.5241 852.8007 852.0625 851.3114 850.549 753.0012 842.3793 842.1324 0 
751.3229 842.3423 843.7408 841.3927 832.3563 844.566 845.3096 844.5142 846.6235 848.1974 848.5353 845.4247 847.4803 846.0388 758.6163 759.5104 952.0226 847.2919 849.1308 849.6152 951.6181 850.5378 951.7536 853.5632 850.3284 851.0829 850.6111 850.0444 849.5192 850.1662 771.8702 773.6714 850.1295 855.6904 850.5836 854.5548 854.2721 853.4996 852.7155 851.9211 851.1182 753.532 842.8741 842.5931 0 
751.4369 842.4865 843.8809 841.5289 832.4888 844.6948 845.4348 844.636 846.7422 848.3132 848.6485 845.5025 843.5737 759.1762 758.6163 759.5104 959.8497 759.3957 757.6608 757.6139 851.5444 951.1607 951.8259 954.2703 951.6012 759.1905 759.2407 759.2628 849.4313 850.0656 771.7904 773.7442 850.2048 855.7683 850.6644 854.6389 854.3596 853.5907 852.8102 852.0198 851.2207 753.6386 842.9849 842.708 0 
751.5887 842.6268 844.0452 841.7186 832.7054 844.9404 845.7115 844.9463 847.0889 848.6996 849.0785 845.5782 760.1954 759.1762 758.6163 759.5104 758.8497 759.3957 757.6608 757.6139 851.6529 951.281 952.8001 954.3705 951.6298 759.1905 759.2407 759.2628 759.3298 760.5336 682.7617 773.4566 850.0995 856.5233 851.3614 855.2824 854.9539 854.1395 852.9008 852.1142 851.3191 753.741 843.0914 842.8187 0 
751.7357 842.77 844.1848 841.8546 832.8381 845.0698 845.8378 845.0698 847.2098 848.8184 849.1953 845.349 760.1954 759.1762 758.6163 759.5104 758.8497 759.3957 757.6608 757.6139 959.0464 951.6404 952.8809 954.4612 951.7869 759.1905 759.2407 960.2628 759.3298 843.2729 768.9865 772.6532 850.1738 856.6064 851.4468 855.3704 855.0447 854.2333 853.4139 852.5877 851.7556 754.143 843.4609 843.1576 0 
751.6793 842.7287 844.1592 841.986 832.9661 845.1946 845.9596 845.1887 847.3262 848.9324 849.3074 844.4311 760.1954 759.1762 758.6163 759.5104 758.8497 759.3957 757.6608 946.5318 959.0464 957.8148 958.9854 960.8579 948.3534 759.1905 759.2407 759.2628 759.3298 841.829 772.5594 772.318 850.8028 856.6854 851.528 855.4542 855.1314 854.3231 853.507 852.6841 851.8557 754.2467 843.5684 843.2689 0 
751.824 842.8699 844.2971 841.9801 832.9778 845.2249 846.0095 845.2598 847.4199 849.0506 849.4524 843.8022 760.1954 759.1762 758.6163 759.5104 959.8497 759.3957 757.6608 949.2066 959.0464 957.8148 958.9854 960.8579 959.0288 960.1905 759.2407 759.2628 759.3298 760.5336 771.8369 772.2887 851.0164 857.2158 852.0087 855.89 855.5263 854.6806 853.83 852.9753 851.9518 754.3466 843.672 843.3763 0 
751.9644 843.0068 844.4305 842.1104 833.105 845.3491 846.1311 845.3788 847.5367 849.1656 849.5661 756.6491 760.1954 759.1762 758.6163 759.5104 758.8497 759.3957 757.6608 958.6139 959.0464 957.8148 954.3284 960.8579 959.0288 759.1905 759.2407 759.2628 759.3298 760.5336 771.9291 772.2557 850.8743 857.0618 852.0938 855.977 855.6156 854.7725 853.9247 853.0731 852.218 754.5847 843.8838 843.5634 0 
751.7132 842.7619 844.1917 841.8774 832.8776 845.4692 846.2485 845.4937 847.6494 849.2764 849.6754 756.6491 848.1771 759.1762 758.6163 759.5104 758.8497 759.3957 757.6608 946.9127 959.0464 957.8148 958.9854 960.8579 959.0288 759.1905 759.2407 759.2628 759.3298 760.5336 771.9808 772.2193 848.6479 856.9059 852.1748 856.0601 855.7011 854.8607 854.0157 853.1671 852.3154 754.6853 843.9879 843.671 0 
751.8506 842.8959 844.3224 842.0051 833.0023 845.2489 846.0332 845.2831 847.4429 849.0735 849.4752 756.6491 848.1331 759.1762 758.6163 759.5104 758.8497 759.3957 757.6608 958.6139 959.0464 957.8148 958.9854 960.8579 959.0288 960.1905 759.2407 759.2628 759.3298 849.4904 771.7939 772.0294 848.5748 856.7856 852.3677 856.2251 855.8406 854.9766 854.1099 853.2408 852.4092 754.7825 844.0885 843.7751 0 
